players.png
23
57 21 15 23 0 0
73 22 15 22 0 1
89 21 15 23 0 0
3 44 16 24 0 0
19 45 15 23 0 1
36 47 16 22 0 3
56 46 15 24 0 0
72 46 15 24 0 0
88 46 15 24 0 0
106 47 16 24 0 0
122 48 16 23 0 1
138 49 16 22 0 2
30 75 15 23 0 0
49 78 15 22 0 2
66 78 15 22 0 2
83 78 15 22 0 2
100 78 15 22 0 2
118 80 15 20 0 4
30 75 15 23 0 -4
30 75 15 23 0 -8
30 75 15 23 0 -16
30 75 15 23 0 -32
30 75 15 23 0 -64
9
idleDown
1
7 0
idleUp
1
1 0
idleLeft
1
3 0
idleRight
1
9 0
walkDown
4
7 5
8 5
7 5
6 5
walkUp
4
1 5
2 5
1 5
0 5
walkLeft
4
3 5
4 5
3 5
5 5
walkRight
4
9 5
10 5
9 5
11 5
die
15
12 1
18 1
19 1
20 1
21 1
22 1
20 1
18 1
12 1
13 1
14 1
15 1
16 1
17 25
17 0
