players.png
23
212 21 15 23 0 0
228 22 15 22 0 1
244 21 15 23 0 0
158 44 16 24 0 0
174 45 15 23 0 1
191 47 16 22 0 3
211 46 15 24 0 0
227 46 15 24 0 0
243 46 15 24 0 0
261 47 16 24 0 0
277 48 16 23 0 1
293 49 16 22 0 2
185 75 15 23 0 0
204 78 15 22 0 2
221 78 15 22 0 2
238 78 15 22 0 2
255 78 15 22 0 2
273 80 15 20 0 4
185 75 15 23 0 -4
185 75 15 23 0 -8
185 75 15 23 0 -16
185 75 15 23 0 -32
185 75 15 23 0 -64
9
idleDown
1
7 0
idleUp
1
1 0
idleLeft
1
3 0
idleRight
1
9 0
walkDown
4
7 5
8 5
7 5
6 5
walkUp
4
1 5
2 5
1 5
0 5
walkLeft
4
3 5
4 5
3 5
5 5
walkRight
4
9 5
10 5
9 5
11 5
die
15
12 1
18 1
19 1
20 1
21 1
22 1
20 1
18 1
12 1
13 1
14 1
15 1
16 1
17 25
17 0
