tiles.png
69
0 0 16 16 0 0
17 0 16 16 0 0
34 0 16 16 0 0
51 0 16 16 0 0
68 0 16 16 0 0
0 17 16 16 0 0
17 17 16 16 0 0
34 17 16 16 0 0
51 17 16 16 0 0
68 17 16 16 0 0
85 17 16 16 0 0
102 17 16 16 0 0
119 17 16 16 0 0
0 34 16 16 0 0
17 34 16 16 0 0
34 34 16 16 0 0
51 34 16 16 0 0
68 34 16 16 0 0
85 34 16 16 0 0
102 34 16 16 0 0
119 34 16 16 0 0
0 51 16 16 0 0
17 51 16 16 0 0
34 51 16 16 0 0
51 51 16 16 0 0
68 51 16 16 0 0
85 51 16 16 0 0
102 51 16 16 0 0
119 51 16 16 0 0
0 68 16 16 0 0
17 68 16 16 0 0
34 68 16 16 0 0
51 68 16 16 0 0
68 68 16 16 0 0
85 68 16 16 0 0
102 68 16 16 0 0
119 68 16 16 0 0
0 85 16 16 0 0
17 85 16 16 0 0
34 85 16 16 0 0
51 85 16 16 0 0
68 85 16 16 0 0
85 85 16 16 0 0
102 85 16 16 0 0
119 85 16 16 0 0
0 102 16 16 0 0
17 102 16 16 0 0
34 102 16 16 0 0
51 102 16 16 0 0
68 102 16 16 0 0
85 102 16 16 0 0
102 102 16 16 0 0
119 102 16 16 0 0
136 102 16 16 0 0
0 119 16 16 0 0
17 119 16 16 0 0
34 119 16 16 0 0
51 119 16 16 0 0
68 119 16 16 0 0
85 119 16 16 0 0
102 119 16 16 0 0
119 119 16 16 0 0
136 119 16 16 0 0
85 0 16 16 0 0
102 0 16 16 0 0
119 0 16 16 0 0
136 0 16 16 0 0
136 17 16 16 0 0
136 34 16 16 0 0
17
empty
1
3 0
solid
1
1 0
block
1
2 0
emptyTop
1
4 0
leftEndExplode
10
5 1
6 1
7 1
8 1
9 1
8 1
7 1
6 1
5 1
3 0
rightEndExplode
10
32 1
24 1
38 1
30 1
22 1
30 1
38 1
24 1
32 1
3 0
topEndExplode
10
17 1
18 1
19 1
20 1
12 1
20 1
19 1
18 1
17 1
3 0
bottomEndExplode
10
16 1
41 1
44 1
43 1
42 1
43 1
44 1
41 1
16 1
3 0
horizontalExplode
10
31 1
23 1
37 1
29 1
21 1
29 1
37 1
23 1
31 1
3 0
verticalExplode
10
40 1
39 1
36 1
35 1
34 1
35 1
36 1
39 1
40 1
3 0
middleExplode
10
33 1
28 1
27 1
26 1
25 1
26 1
27 1
28 1
33 1
3 0
explodingBlock
7
45 1
46 1
47 1
48 1
49 1
50 1
3 0
bomb
4
51 5
52 5
53 5
52 5
explosion
8
54 1
55 1
56 1
57 1
58 1
59 1
60 1
3 0
powerUpBomb
2
63 1
64 1
powerUpFire
2
65 1
66 1
powerUpSpeed
2
67 1
68 1
